000009
000010
000014
000017
000021
000022
000023
000025
000027
000030
000032
000035
000038
000041
000043
000050
000051
000055
000058
000066
000069
000073
000076
000081
000083
000085
000089
000090
000096
000097
000101
000104
000105
000110
000111
000113
000124
000125
000127
000128
000129
000133
000137
000138
000139
000144
000150
000151
000155
000159
000162
000163
000164
000165
000166
000168
000169
000170
000171
000173
000174
000177
000178
000182
000185
000188
000190
000191
000192
000194
000200
000201
000205
000206
000210
000212
000218
000220
000222
000223
000229
000232
000238
000239
000245
000248
000251
000252
000257
000258
000264
000265
000271
000272
000275
000276
000278
000279
000280
000282
000283
000285
000287
000288
000291
000293
000297
000298
000299
000302
000305
000308
000319
000320
000321
000322
000323
000328
000331
000337
000341
000342
000346
000348
000358
000359
000364
000367
000368
000369
000372
000374
000377
000382
000386
000392
000393
000394
000406
000407
000409
000410
000411
000413
000414
000419
000421
000422
000423
000429
000433
000434
000435
000437
000443
000445
000446
000447
000448
000453
000455
000456
000457
000458
000463
000467
000468
000470
000476
000477
000480
000483
000485
000490
000493
000497
000499
000500
000502
000504
000507
000515
000516
000517
000520
000524
000526
000527
000530
000531
000532
000534
000535
000538
000539
000541
000545
000546
000547
000554
000555
000562
000566
000570
000578
000579
000583
000587
000589
000591
000594
000597
000602
000604
000606
000612
000613
000615
000616
000617
000621
000623
000624
000625
000626
000628
000629
000630
000633
000634
000638
000639
000641
000642
000644
000648
000649
000652
000654
000655
000662
000664
000666
000670
000677
000684
000692
000693
000694
000695
000696
000697
000701
000702
000704
000715
000717
000719
000723
000727
000731
000733
000734
000735
000739
000744
000750
000752
000753
000755
000758
000762
000765
000766
000769
000770
000777
000782
000783
000797
000798
000799
000805
000806
000807
000810
000812
000816
000829
000834
000836
000839
000843
000847
000854
000855
000858
000859
000860
000861
000862
000865
000869
000870
000878
000879
000883
000885
000886
000891
000892
000895
000898
000901
000902
000904
000907
000909
000910
000911
000913
000916
000918
000920
000922
000926
000927
000930
000937
000939
000940
000942
000943
000948
000949
000952
000955
000956
000959
000966
000967
000969
000971
000978
000979
000981
000982
000984
000986
000987
000991
000996
000999
001006
001011
001014
001017
001020
001021
001024
001031
001035
001036
001037
001038
001040
001042
001047
001055
001057
001061
001063
001064
001065
001066
001067
001071
001076
001079
001084
001085
001086
001091
001095
001097
001099
001101
001108
001109
001113
001116
001118
001129
001133
001137
001141
001145
001147
001150
001151
001152
001155
001157
001159
001164
001167
001168
001169
001170
001171
001173
001175
001177
001185
001186
001198
001206
001210
001212
001220
001221
001222
001224
001227
001228
001229
001234
001236
001238
001240
001241
001243
001244
001245
001251
001256
001259
001261
001265
001266
001267
001269
001271
001272
001279
001281
001282
001284
001292
001298
001301
001303
001307
001309
001310
001311
001319
001320
001325
001327
001329
001330
001333
001336
001337
001340
001342
001346
001347
001350
001351
001352
001353
001354
001357
001358
001362
001363
001370
001372
001378
001382
001390
001392
001396
001403
001405
001406
001409
001411
001412
001417
001419
001420
001421
001424
001427
001429
001431
001434
001435
001437
001438
001445
001446
001447
001451
001454
001455
001456
001459
001460
001463
001469
001472
001473
001474
001475
001476
001479
001480
001484
001485
001493
001495
001499
001501
001502
001503
001504
001510
001511
001514
001516
001521
001523
001524
001526
001531
001532
001533
001536
001538
001542
001544
001554
001557
001558
001561
001564
001566
001569
001570
001571
001572
001575
001577
001579
001585
001593
001594
001596
001600
001601
001606
001608
001611
001615
001617
001619
001620
001622
001624
001625
001627
001630
001640
001644
001646
001649
001652
001654
001656
001667
001668
001678
001682
001689
001690
001691
001692
001696
001703
001705
001706
001709
001710
001711
001712
001717
001720
001723
001726
001727
001728
001730
001731
001735
001748
001749
001754
001756
001757
001758
001759
001760
001766
001769
001772
001775
001776
001781
001784
001789
001792
001793
001794
001795
001797
001799
001800
001802
001806
001807
001808
001809
001810
001812
001819
001823
001830
001831
001832
001833
001836
001837
001839
001841
001843
001849
001850
001854
001856
001857
001861
001866
001881
001886
001887
001889
001891
001893
001894
001902
001914
001916
001918
001920
001921
001923
001927
001930
001935
001938
001941
001942
001943
001944
001945
001946
001950
001953
001958
001963
001968
001969
001974
001975
001977
001978
001980
001986
001988
001989
001992
001993
001998
001999
002000
002008
002010
002012
002018
002022
002024
002026
002030
002031
002041
002050
002051
002055
002061
002062
002065
002069
002072
002079
002082
002087
002097
002108
002110
002114
002116
002117
002119
002137
002141
002142
002144
002145
002149
002159
002163
002168
002171
002172
002174
002176
002180
002183
002185
002186
002187
002189
002190
002195
002204
002211
002213
002219
002220
002221
002223
002226
002229
002235
002238
002241
002242
002244
002250
002252
002254
002256
002262
002265
002269
002272
002273
002277
002283
002288
002290
002293
002294
002295
002298
002301
002302
002306
002307
002314
002317
002324
002325
002326
002329
002331
002332
002337
002342
002344
002360
002361
002362
002363
002365
002367
002370
002372
002378
002379
002384
002385
002387
002394
002397
002398
002399
002401
002402
002403
002405
002409
002410
002413
002416
002419
002425
002426
002428
002429
002433
002434
002438
002443
002444
002446
002448
002450
002455
002459
002460
002463
002469
002475
002476
002477
002481
002483
002488
002491
002497
002501
002503
002504
002509
002514
002515
002516
002518
002522
002524
002528
002529
002531
002533
002539
002550
002551
002554
002555
002558
002561
002562
002564
002565
002570
002572
002575
002582
002584
002585
002588
002595
002596
002602
002604
002607
002611
002613
002614
002620
002624
002625
002631
002632
002633
002636
002637
002641
002649
002651
002652
002655
002656
002658
002660
002662
002668
002669
002671
002673
002674
002675
002686
002687
002691
002692
002693
002694
002700
002701
002710
002711
002712
002713
002714
002715
002719
002723
002726
002728
002729
002731
002735
002741
002742
002744
002748
002750
002751
002755
002756
002759
002761
002768
002773
002776
002780
002781
002786
002789
002790
002792
002795
002797
002798
002803
002804
002806
002807
002813
002815
002819
002821
002823
002824
002826
002830
002832
002838
002841
002842
002846
002855
002856
002857
002858
002859
002860
002863
002864
002865
002867
002870
002874
002877
002878
002879
002881
002883
002884
002885
002886
002888
002895
002904
002909
002911
002912
002913
002914
002916
002918
002920
002921
002925
002931
002932
002933
002935
002939
002940
002945
002950
002951
002958
002960
002962
002965
002971
002972
002975
002976
002981
002982
002988
002990
002992
002993
002999
003002
003003
003012
003016
003017
003018
003020
003023
003024
003026
003027
003029
003034
003035
003036
003039
003041
003042
003049
003052
003057
003058
003063
003065
003070
003075
003077
003078
003079
003086
003088
003089
003091
003100
003104
003106
003107
003115
003118
003121
003122
003123
003124
003129
003132
003134
003139
003140
003145
003147
003150
003151
003153
003159
003160
003162
003167
003170
003172
003173
003175
003179
003181
003182
003185
003187
003188
003189
003191
003193
003196
003197
003205
003206
003210
003213
003217
003220
003224
003228
003232
003234
003235
003245
003249
003252
003259
003260
003263
003270
003276
003278
003280
003282
003284
003289
003290
003292
003295
003296
003298
003301
003303
003304
003305
003311
003314
003320
003323
003324
003327
003328
003329
003335
003340
003344
003350
003352
003360
003362
003367
003368
003369
003376
003378
003380
003382
003383
003385
003386
003388
003390
003391
003396
003397
003399
003403
003406
003414
003417
003418
003422
003423
003424
003427
003429
003433
003434
003450
003453
003454
003455
003459
003462
003465
003466
003468
003470
003473
003479
003482
003484
003485
003487
003492
003494
003501
003503
003505
003510
003512
003515
003517
003518
003520
003521
003527
003528
003529
003530
003531
003534
003536
003539
003541
003542
003543
003550
003557
003573
003575
003576
003577
003578
003579
003583
003584
003589
003590
003592
003595
003602
003610
003611
003612
003616
003617
003619
003621
003625
003631
003638
003644
003645
003648
003650
003651
003654
003659
003662
003663
003664
003665
003669
003670
003677
003680
003688
003694
003696
003699
003700
003701
003703
003706
003707
003711
003717
003720
003725
003732
003733
003734
003735
003736
003737
003739
003740
003742
003745
003746
003747
003751
003759
003760
003762
003764
003765
003768
003769
003771
003779
003780
003781
003795
003810
003811
003815
003819
003820
003824
003825
003826
003827
003829
003831
003833
003838
003839
003847
003849
003853
003855
003856
003858
003859
003863
003865
003867
003868
003869
003875
003877
003879
003884
003889
003891
003893
003899
003903
003910
003913
003915
003922
003923
003927
003929
003932
003939
003942
003943
003945
003946
003948
003951
003952
003953
003955
003959
003960
003961
003966
003968
003970
003972
003973
003975
003976
003978
003981
003986
003989
003992
003994
003995
003996
004000
004001
004006
004008
004010
004012
004017
004019
004020
004028
004030
004031
004033
004039
004041
004042
004046
004049
004051
004054
004058
004060
004063
004064
004065
004067
004072
004074
004075
004077
004085
004089
004090
004091
004094
004098
004099
004101
004103
004109
004110
004111
004112
004117
004121
004125
004126
004127
004132
004133
004136
004137
004138
004141
004142
004144
004145
004154
004158
004162
004167
004168
004169
004175
004177
004179
004183
004195
004198
004201
004205
004208
004210
004213
004223
004225
004229
004230
004231
004232
004238
004243
004244
004246
004248
004249
004257
004258
004260
004265
004269
004273
004275
004276
004279
004281
004285
004288
004289
004291
004292
004294
004296
004297
004298
004299
004301
004304
004309
004311
004317
004321
004323
004324
004327
004328
004329
004330
004334
004336
004339
004342
004344
004346
004355
004359
004360
004363
004366
004370
004372
004378
004380
004384
004389
004392
004393
004404
004408
004410
004412
004414
004417
004418
004426
004428
004433
004435
004437
004438
004447
004449
004454
004456
004457
004459
004463
004464
004465
004466
004469
004470
004471
004476
004478
004480
004481
004482
004485
004487
004491
004494
004495
004496
004499
004505
004508
004509
004512
004515
004516
004517
004518
004520
004523
004528
004530
004534
004535
004536
004537
004538
004542
004545
004553
004557
004561
004562
004563
004564
004569
004571
004574
004588
004589
004595
004598
004601
004607
004609
004619
004622
004629
004630
004631
004637
004639
004640
004641
004648
004650
004653
004656
004660
004662
004665
004666
004667
004668
004672
004685
004686
004687
004690
004692
004694
004697
004698
004699
004703
004704
004706
004707
004712
004713
004716
004718
004723
004725
004726
004727
004728
004731
004732
004738
004739
004740
004742
004744
004745
004749
004750
004760
004761
004765
004766
004770
004779
004782
004788
004790
004791
004795
004797
004800
004801
004803
004810
004811
004812
004815
004819
004822
004826
004828
004830
004831
004832
004834
004835
004840
004844
004846
004852
004855
004857
004859
004864
004868
004870
004872
004874
004877
004879
004882
004884
004886
004889
004894
004897
004898
004899
004904
004908
004913
004916
004917
004918
004920
004922
004923
004927
004928
004930
004931
004934
004935
004937
004941
004943
004947
004950
004953
004968
004971
004977
004978
004987
004994
004995
005002
005005
005009
005012
005014
005019
005024
005025
005027
005029
005031
005035
005036
005037
005040
005042
005045
005049
005057
005060
005063
005064
005069
005081
005087
005090
005093
005097
005100
005102
005105
005107
005111
005114
005117
005118
005119
005120
005125
005133
005134
005139
005140
005141
005144
005148
005160
005161
005162
005163
005170
005173
005176
005182
005187
005189
005192
005195
005197
005205
005206
005218
005219
005220
005222
005225
005226
005227
005229
005230
005231
005233
005236
005237
005239
005240
005242
005245
005248
005251
005252
005255
005257
005260
005261
005268
005269
005272
005274
005276
005278
005283
005286
005287
005291
005295
005296
005298
005299
005301
005303
005306
005307
005308
005310
005311
005315
005316
005321
005322
005323
005327
005331
005332
005333
005336
005341
005342
005343
005344
005346
005347
005348
005351
005354
005356
005357
005359
005366
005368
005371
005374
005375
005383
005384
005385
005386
005396
005398
005399
005405
005409
005410
005411
005412
005413
005414
005415
005417
005419
005421
005424
005425
005429
005430
005439
005441
005447
005449
005450
005451
005456
005457
005459
005461
005464
005468
005471
005473
005475
005477
005478
005479
005482
005485
005487
005490
005491
005494
005496
005499
005500
005505
005506
005507
005508
005509
005511
005513
005523
005527
005536
005541
005542
005546
005547
005548
005550
005552
005553
005554
005556
005558
005560
005561
005563
005570
005573
005574
005583
005585
005593
005594
005595
005596
005599
005600
005606
005608
005610
005611
005612
005613
005618
005622
005631
005636
005638
005644
005645
005650
005652
005653
005656
005657
005658
005660
005662
005664
005666
005670
005672
005675
005680
005682
005691
005693
005695
005700
005703
005704
005709
005714
005719
005720
005721
005722
005724
005725
005728
005729
005731
005732
005733
005737
005738
005745
005746
005747
005748
005750
005753
005754
005757
005758
005759
005761
005763
005764
005765
005766
005768
005773
005775
005780
005786
005788
005790
005792
005796
005798
005800
005809
005811
005814
005816
005822
005823
005826
005829
005835
005836
005840
005842
005845
005847
005849
005850
005852
005859
005865
005870
005873
005880
005881
005882
005885
005887
005889
005890
005898
005903
005905
005907
005908
005910
005921
005922
005923
005928
005930
005931
005937
005938
005940
005944
005945
005951
005953
005956
005958
005959
005961
005966
005967
005969
005973
005975
005985
005988
005989
005990
005991
005992
005993
005994
006002
006011
006028
006029
006032
006033
006036
006038
006040
006041
006043
006048
006050
006056
006059
006071
006073
006076
006087
006092
006094
006095
006101
006104
006113
006115
006117
006118
006122
006140
006142
006143
006147
006148
006150
006152
006156
006157
006158
006161
006163
006165
006167
006168
006169
006171
006172
006175
006176
006177
006178
006179
006180
006186
006187
006192
006193
006195
006198
006199
006200
006207
006209
006210
006213
006221
006225
006226
006236
006237
006238
006239
006243
006255
006257
006259
006266
006273
006274
006276
006284
006285
006287
006288
006292
006307
006310
006312
006313
006317
006322
006333
006334
006339
006341
006351
006352
006355
006361
006364
006365
006368
006369
006370
006373
006376
006378
006380
006381
006384
006387
006390
006391
006392
006395
006399
006401
006403
006407
006409
006413
006416
006426
006427
006428
006431
006433
006440
006442
006445
006446
006450
006452
006453
006455
006459
006460
006463
006464
006465
006471
006475
006476
006477
006481
006483
006486
006487
006489
006492
006493
006497
006503
006505
006506
006514
006517
006519
006521
006526
006527
006529
006532
006539
006540
006542
006544
006546
006550
006551
006559
006561
006566
006567
006572
006576
006577
006578
006580
006583
006584
006585
006586
006588
006591
006592
006594
006598
006599
006607
006608
006609
006610
006611
006613
006614
006615
006621
006623
006625
006626
006629
006631
006644
006645
006646
006647
006648
006656
006658
006659
006661
006662
006664
006666
006667
006668
006669
006670
006672
006677
006682
006686
006692
006693
006696
006697
006699
006703
006705
006709
006710
006713
006718
006722
006727
006729
006731
006732
006735
006737
006738
006739
006742
006744
006746
006748
006753
006757
006762
006764
006767
006768
006771
006772
006775
006779
006783
006784
006786
006787
006789
006792
006793
006796
006797
006800
006804
006808
006811
006821
006823
006824
006830
006836
006838
006841
006843
006850
006854
006855
006856
006857
006861
006862
006863
006864
006866
006868
006872
006873
006874
006876
006879
006885
006887
006891
006894
006896
006897
006898
006901
006904
006905
006906
006908
006910
006911
006912
006915
006919
006920
006924
006926
006927
006932
006934
006936
006938
006939
006941
006943
006948
006950
006951
006954
006956
006957
006958
006959
006963
006964
006968
006975
006981
006983
006987
006988
006990
007004
007005
007016
007019
007020
007023
007028
007031
007032
007034
007035
007036
007040
007043
007045
007048
007049
007051
007052
007054
007060
007073
007079
007081
007083
007103
007108
007109
007110
007114
007117
007119
007120
007121
007122
007124
007126
007127
007128
007134
007136
007137
007139
007140
007147
007150
007151
007154
007157
007159
007163
007167
007169
007170
007172
007173
007175
007176
007178
007179
007181
007182
007186
007187
007189
007195
007200
007203
007206
007207
007208
007214
007216
007220
007227
007228
007232
007234
007235
007237
007243
007244
007251
007252
007253
007256
007260
007261
007266
007267
007268
007270
007271
007276
007277
007281
007284
007292
007293
007296
007298
007301
007305
007306
007308
007310
007313
007314
007316
007317
007318
007319
007320
007321
007324
007325
007328
007330
007332
007333
007336
007338
007339
007341
007342
007345
007346
007349
007350
007354
007355
007358
007359
007360
007369
007371
007375
007378
007379
007381
007388
007392
007393
007398
007400
007404
007405
007408
007410
007412
007413
007414
007420
007423
007428
007436
007438
007442
007444
007445
007446
007447
007469
007471
007475
007476
007480
007482
007483
007496
007497
007498
007500
007501
007508
007509
007511
007520
007522
007526
007531
007532
007535
007540
007543
007547
007552
007553
007554
007559
007563
007566
007567
007568
007571
007573
007576
007577
007578
007579
007580
007582
007584
007590
007592
007593
007594
007598
007605
007606
007609
007610
007611
007616
007619
007623
007625
007627
007628
007629
007631
007634
007636
007639
007645
007647
007648
007651
007652
007653
007656
007657
007658
007660
007668
007669
007675
007676
007683
007687
007689
007699
007700
007701
007706
007709
007712
007714
007719
007723
007725
007726
007727
007728
007735
007739
007744
007746
007751
007752
007756
007759
007760
007761
007763
007768
007769
007770
007777
007778
007780
007782
007783
007785
007786
007789
007793
007795
007799
007801
007808
007810
007811
007813
007814
007815
007816
007817
007822
007830
007835
007836
007841
007846
007849
007858
007860
007861
007862
007872
007874
007877
007878
007882
007884
007887
007888
007889
007895
007896
007901
007903
007904
007910
007911
007912
007915
007917
007919
007927
007928
007931
007932
007940
007941
007942
007943
007944
007945
007946
007948
007951
007953
007955
007957
007961
007962
007963
007964
007965
007966
007967
007969
007970
007971
007972
007977
007978
007983
007984
007985
007986
007987
007988
007992
007994
007996
007997
007998
008008
008010
008013
008014
008018
008019
008022
008023
008024
008026
008027
008033
008034
008035
008038
008039
008040
008042
008043
008045
008046
008048
008050
008052
008053
008059
008069
008070
008072
008073
008074
008077
008080
008081
008082
008088
008091
008094
008096
008099
008102
008103
008104
008105
008110
008111
008122
008124
008126
008127
008128
008130
008131
008132
008137
008139
008142
008146
008147
008160
008163
008171
008177
008178
008180
008183
008188
008190
008196
008205
008209
008211
008215
008217
008218
008219
008220
008224
008225
008230
008231
008232
008233
008234
008238
008239
008241
008245
008248
008249
008253
008255
008256
008261
008264
008265
008271
008272
008276
008277
008278
008279
008284
008285
008287
008288
008293
008294
008302
008303
008307
008309
008312
008313
008314
008315
008325
008327
008332
008341
008350
008354
008362
008363
008367
008368
008374
008376
008377
008382
008385
008387
008390
008392
008397
008398
008400
008406
008407
008411
008413
008418
008430
008433
008436
008437
008439
008444
008446
008449
008451
008453
008455
008458
008460
008463
008464
008467
008469
008470
008474
008487
008491
008496
008501
008503
008505
008510
008513
008514
008520
008526
008529
008531
008537
008538
008540
008541
008548
008550
008551
008560
008562
008566
008569
008573
008576
008577
008578
008579
008583
008585
008593
008596
008597
008602
008603
008612
008616
008619
008623
008625
008628
008634
008638
008641
008642
008644
008647
008648
008652
008663
008664
008665
008669
008676
008678
008681
008682
008686
008689
008692
008694
008702
008704
008706
008711
008718
008719
008721
008726
008728
008734
008738
008739
008740
008742
008744
008751
008752
008758
008762
008765
008766
008768
008769
008771
008774
008775
008780
008785
008786
008794
008795
008797
008802
008805
008807
008808
008810
008813
008816
008817
008818
008820
008824
008828
008829
008836
008839
008844
008845
008852
008857
008862
008865
008867
008868
008869
008872
008876
008879
008882
008884
008891
008892
008894
008895
008897
008899
008900
008901
008902
008907
008916
008921
008922
008928
008931
008932
008941
008943
008944
008945
008946
008952
008953
008957
008961
008963
008964
008965
008974
008975
008983
008990
008996
009003
009005
009012
009013
009014
009017
009020
009022
009023
009024
009028
009034
009036
009040
009041
009043
009045
009046
009052
009064
009068
009073
009074
009075
009078
009079
009084
009087
009091
009092
009102
009110
009114
009115
009119
009122
009123
009124
009125
009127
009128
009130
009136
009139
009143
009145
009149
009152
009153
009161
009164
009171
009174
009180
009184
009197
009201
009202
009207
009208
009209
009214
009223
009228
009231
009237
009242
009248
009251
009253
009263
009273
009274
009277
009283
009284
009286
009287
009288
009290
009291
009294
009295
009296
009297
009299
009303
009304
009306
009308
009311
009312
009314
009316
009317
009318
009320
009322
009328
009331
009332
009336
009342
009344
009345
009349
009352
009358
009361
009363
009364
009368
009369
009370
009374
009375
009376
009377
009382
009391
009393
009394
009407
009410
009411
009414
009415
009420
009421
009423
009424
009428
009430
009433
009436
009437
009440
009441
009448
009452
009456
009460
009468
009473
009477
009479
009482
009487
009490
009493
009494
009496
009497
009499
009500
009504
009514
009517
009518
009520
009524
009525
009529
009531
009535
009536
009537
009539
009541
009542
009546
009547
009548
009551
009557
009558
009561
009563
009564
009565
009567
009568
009573
009574
009577
009578
009583
009585
009590
009591
009593
009596
009599
009600
009601
009603
009610
009611
009612
009613
009614
009617
009618
009622
009628
009633
009641
009648
009651
009653
009654
009655
009656
009659
009660
009661
009665
009666
009668
009671
009673
009674
009676
009680
009684
009687
009691
009693
009696
009697
009698
009703
009704
009708
009711
009712
009713
009714
009715
009717
009718
009721
009722
009726
009728
009730
009732
009734
009739
009741
009744
009747
009750
009754
009755
009756
009762
009766
009767
009768
009776
009779
009780
009781
009782
009783
009789
009796
009798
009802
009803
009806
009809
009813
009822
009840
009841
009843
009844
009845
009847
009848
009851
009853
009854
009857
009859
009867
009868
009869
009871
009874
009877
009878
009879
009881
009885
009890
009892
009895
009901
009902
009903
009910
009915
009917
009918
009930
009931
009937
009941
009942
009946
009947
009948
009949
009950
009951
009954
009957
009958
009960
009962
2008_000008
2008_000026
2008_000032
2008_000034
2008_000036
2008_000041
2008_000051
2008_000052
2008_000059
2008_000067
2008_000082
2008_000096
2008_000119
2008_000132
2008_000138
2008_000141
2008_000142
2008_000143
2008_000185
2008_000189
2008_000193
2008_000194
2008_000199
2008_000202
2008_000203
2008_000215
2008_000217
2008_000222
2008_000223
2008_000233
2008_000234
2008_000235
2008_000236
2008_000237
2008_000243
2008_000246
2008_000252
2008_000254
2008_000255
2008_000259
2008_000260
2008_000261
2008_000264
2008_000266
2008_000268
2008_000270
2008_000271
2008_000277
2008_000278
2008_000283
2008_000284
2008_000289
2008_000290
2008_000297
2008_000298
2008_000307
2008_000311
2008_000313
2008_000315
2008_000316
2008_000321
2008_000328
2008_000330
2008_000340
2008_000342
2008_000343
2008_000346
2008_000354
2008_000359
2008_000364
2008_000365
2008_000367
2008_000371
2008_000380
2008_000381
2008_000382
2008_000383
2008_000392
2008_000393
2008_000398
2008_000406
2008_000407
2008_000408
2008_000413
2008_000415
2008_000418
2008_000421
2008_000423
2008_000424
2008_000426
2008_000432
2008_000435
2008_000436
2008_000442
2008_000443
2008_000445
2008_000446
2008_000447
2008_000448
2008_000452
2008_000455
2008_000461
2008_000469
2008_000473
2008_000475
2008_000480
2008_000481
2008_000489
2008_000493
2008_000496
2008_000499
2008_000510
2008_000511
2008_000514
2008_000516
2008_000519
2008_000527
2008_000531
2008_000535
2008_000540
2008_000541
2008_000544
2008_000545
2008_000547
2008_000552
2008_000553
2008_000558
2008_000561
2008_000562
2008_000563
2008_000564
2008_000568
2008_000569
2008_000573
2008_000579
2008_000583
2008_000599
2008_000613
2008_000614
2008_000615
2008_000620
2008_000622
2008_000623
2008_000628
2008_000629
2008_000630
2008_000634
2008_000636
2008_000640
2008_000645
2008_000647
2008_000652
2008_000655
2008_000656
2008_000662
2008_000666
2008_000672
2008_000673
2008_000674
2008_000677
2008_000683
2008_000691
2008_000694
2008_000695
2008_000699
2008_000700
2008_000705
2008_000706
2008_000714
2008_000719
2008_000723
2008_000727
2008_000731
2008_000732
2008_000734
2008_000737
2008_000740
2008_000742
2008_000745
2008_000748
2008_000753
2008_000758
2008_000764
2008_000769
2008_000775
2008_000777
2008_000778
2008_000780
2008_000783
2008_000787
2008_000795
2008_000796
2008_000801
2008_000803
2008_000806
2008_000808
2008_000811
2008_000814
2008_000828
2008_000829
2008_000833
2008_000837
2008_000841
2008_000842
2008_000844
2008_000847
2008_000851
2008_000854
2008_000864
2008_000867
2008_000868
2008_000870
2008_000873
2008_000875
2008_000878
2008_000880
2008_000881
2008_000885
2008_000887
2008_000899
2008_000902
2008_000904
2008_000908
2008_000916
2008_000917
2008_000922
2008_000924
2008_000928
2008_000934
2008_000936
2008_000939
2008_000940
2008_000941
2008_000942
2008_000944
2008_000950
2008_000956
2008_000965
2008_000970
2008_000971
2008_000972
2008_000979
2008_000984
2008_000985
2008_000987
2008_000992
2008_000993
2008_001007
2008_001009
2008_001012
2008_001013
2008_001018
2008_001020
2008_001021
2008_001022
2008_001023
2008_001024
2008_001026
2008_001028
2008_001031
2008_001034
2008_001035
2008_001036
2008_001039
2008_001046
2008_001048
2008_001052
2008_001055
2008_001057
2008_001060
2008_001063
2008_001066
2008_001073
2008_001074
2008_001075
2008_001076
2008_001080
2008_001083
2008_001089
2008_001090
2008_001098
2008_001099
2008_001112
2008_001113
2008_001115
2008_001119
2008_001139
2008_001140
2008_001142
2008_001147
2008_001154
2008_001158
2008_001166
2008_001170
2008_001182
2008_001183
2008_001188
2008_001189
2008_001190
2008_001199
2008_001205
2008_001206
2008_001215
2008_001221
2008_001225
2008_001226
2008_001227
2008_001231
2008_001245
2008_001248
2008_001249
2008_001255
2008_001257
2008_001271
2008_001272
2008_001275
2008_001278
2008_001283
2008_001296
2008_001299
2008_001301
2008_001302
2008_001304
2008_001306
2008_001307
2008_001308
2008_001310
2008_001312
2008_001314
2008_001318
2008_001322
2008_001325
2008_001329
2008_001333
2008_001338
2008_001340
2008_001344
2008_001346
2008_001353
2008_001356
2008_001358
2008_001359
2008_001366
2008_001367
2008_001375
2008_001376
2008_001382
2008_001385
2008_001388
2008_001389
2008_001390
2008_001391
2008_001395
2008_001401
2008_001402
2008_001404
2008_001408
2008_001413
2008_001419
2008_001420
2008_001427
2008_001431
2008_001437
2008_001440
2008_001444
2008_001454
2008_001455
2008_001462
2008_001464
2008_001466
2008_001467
2008_001470
2008_001481
2008_001482
2008_001488
2008_001491
2008_001493
2008_001494
2008_001501
2008_001503
2008_001504
2008_001510
2008_001516
2008_001520
2008_001523
2008_001525
2008_001527
2008_001529
2008_001531
2008_001533
2008_001536
2008_001538
2008_001539
2008_001540
2008_001547
2008_001549
2008_001550
2008_001551
2008_001563
2008_001564
2008_001566
2008_001574
2008_001576
2008_001577
2008_001582
2008_001589
2008_001590
2008_001591
2008_001594
2008_001596
2008_001598
2008_001602
2008_001605
2008_001607
2008_001609
2008_001613
2008_001615
2008_001617
2008_001620
2008_001622
2008_001624
2008_001629
2008_001631
2008_001636
2008_001638
2008_001643
2008_001645
2008_001649
2008_001652
2008_001659
2008_001660
2008_001661
2008_001666
2008_001667
2008_001668
2008_001670
2008_001673
2008_001680
2008_001681
2008_001690
2008_001697
2008_001699
2008_001702
2008_001706
2008_001709
2008_001710
2008_001712
2008_001714
2008_001722
2008_001724
2008_001727
2008_001729
2008_001731
2008_001735
2008_001736
2008_001742
2008_001745
2008_001746
2008_001750
2008_001751
2008_001758
2008_001761
2008_001763
2008_001765
2008_001773
2008_001775
2008_001782
2008_001784
2008_001789
2008_001791
2008_001796
2008_001797
2008_001801
2008_001802
2008_001805
2008_001806
2008_001808
2008_001811
2008_001814
2008_001816
2008_001821
2008_001825
2008_001832
2008_001837
2008_001841
2008_001842
2008_001845
2008_001852
2008_001856
2008_001858
2008_001860
2008_001862
2008_001863
2008_001867
2008_001881
2008_001882
2008_001888
2008_001895
2008_001903
2008_001907
2008_001909
2008_001910
2008_001911
2008_001919
2008_001920
2008_001928
2008_001932
2008_001937
2008_001946
2008_001947
2008_001957
2008_001958
2008_001965
2008_001967
2008_001969
2008_001970
2008_001977
2008_001979
2008_001980
2008_001982
2008_001989
2008_001992
2008_001998
2008_002001
2008_002002
2008_002003
2008_002007
2008_002011
2008_002013
2008_002017
2008_002021
2008_002023
2008_002031
2008_002032
2008_002035
2008_002036
2008_002037
2008_002039
2008_002046
2008_002047
2008_002056
2008_002058
2008_002061
2008_002067
2008_002079
2008_002080
2008_002088
2008_002092
2008_002094
2008_002096
2008_002098
2008_002103
2008_002107
2008_002112
2008_002113
2008_002114
2008_002115
2008_002116
2008_002117
2008_002123
2008_002124
2008_002129
2008_002131
2008_002140
2008_002144
2008_002145
2008_002146
2008_002150
2008_002151
2008_002155
2008_002156
2008_002158
2008_002167
2008_002169
2008_002172
2008_002176
2008_002179
2008_002181
2008_002185
2008_002193
2008_002195
2008_002199
2008_002206
2008_002210
2008_002212
2008_002220
2008_002222
2008_002231
2008_002236
2008_002241
2008_002243
2008_002244
2008_002247
2008_002248
2008_002251
2008_002259
2008_002262
2008_002272
2008_002280
2008_002283
2008_002296
2008_002299
2008_002304
2008_002305
2008_002312
2008_002314
2008_002317
2008_002321
2008_002322
2008_002325
2008_002328
2008_002330
2008_002331
2008_002340
2008_002356
2008_002357
2008_002361
2008_002362
2008_002365
2008_002366
2008_002374
2008_002378
2008_002384
2008_002403
2008_002404
2008_002405
2008_002411
2008_002412
2008_002418
2008_002419
2008_002422
2008_002424
2008_002428
2008_002434
2008_002436
2008_002439
2008_002446
2008_002448
2008_002456
2008_002457
2008_002458
2008_002459
2008_002470
2008_002477
2008_002482
2008_002483
2008_002485
2008_002494
2008_002495
2008_002499
2008_002501
2008_002502
2008_002510
2008_002512
2008_002514
2008_002515
2008_002523
2008_002526
2008_002533
2008_002540
2008_002541
2008_002542
2008_002543
2008_002549
2008_002555
2008_002558
2008_002562
2008_002564
2008_002566
2008_002568
2008_002574
2008_002575
2008_002578
2008_002579
2008_002598
2008_002599
2008_002603
2008_002606
2008_002610
2008_002613
2008_002616
2008_002621
2008_002622
2008_002638
2008_002639
2008_002640
2008_002641
2008_002643
2008_002648
2008_002649
2008_002652
2008_002653
2008_002662
2008_002665
2008_002670
2008_002674
2008_002678
2008_002679
2008_002687
2008_002705
2008_002712
2008_002714
2008_002715
2008_002716
2008_002718
2008_002720
2008_002725
2008_002728
2008_002730
2008_002733
2008_002735
2008_002736
2008_002738
2008_002741
2008_002750
2008_002751
2008_002753
2008_002756
2008_002758
2008_002760
2008_002762
2008_002768
2008_002774
2008_002775
2008_002783
2008_002787
2008_002789
2008_002791
2008_002795
2008_002804
2008_002808
2008_002809
2008_002811
2008_002813
2008_002817
2008_002820
2008_002823
2008_002829
2008_002830
2008_002831
2008_002835
2008_002838
2008_002842
2008_002843
2008_002848
2008_002852
2008_002854
2008_002856
2008_002857
2008_002864
2008_002866
2008_002870
2008_002873
2008_002879
2008_002880
2008_002882
2008_002885
2008_002894
2008_002897
2008_002906
2008_002908
2008_002910
2008_002917
2008_002922
2008_002929
2008_002931
2008_002932
2008_002942
2008_002946
2008_002947
2008_002951
2008_002954
2008_002956
2008_002960
2008_002968
2008_002971
2008_002973
2008_002984
2008_002985
2008_002992
2008_002997
2008_002999
2008_003001
2008_003008
2008_003013
2008_003017
2008_003018
2008_003020
2008_003030
2008_003033
2008_003034
2008_003043
2008_003051
2008_003056
2008_003062
2008_003065
2008_003067
2008_003072
2008_003076
2008_003081
2008_003082
2008_003089
2008_003093
2008_003094
2008_003095
2008_003099
2008_003100
2008_003107
2008_003108
2008_003112
2008_003127
2008_003128
2008_003132
2008_003134
2008_003136
2008_003140
2008_003141
2008_003143
2008_003144
2008_003146
2008_003151
2008_003152
2008_003154
2008_003157
2008_003181
2008_003186
2008_003191
2008_003202
2008_003203
2008_003205
2008_003208
2008_003209
2008_003220
2008_003224
2008_003228
2008_003231
2008_003238
2008_003242
2008_003245
2008_003248
2008_003251
2008_003263
2008_003265
2008_003266
2008_003271
2008_003277
2008_003278
2008_003280
2008_003283
2008_003286
2008_003287
2008_003288
2008_003289
2008_003295
2008_003304
2008_003305
2008_003311
2008_003313
2008_003316
2008_003318
2008_003320
2008_003330
2008_003333
2008_003334
2008_003336
2008_003338
2008_003342
2008_003344
2008_003350
2008_003351
2008_003361
2008_003379
2008_003380
2008_003384
2008_003393
2008_003395
2008_003402
2008_003405
2008_003406
2008_003407
2008_003414
2008_003417
2008_003418
2008_003429
2008_003432
2008_003433
2008_003442
2008_003448
2008_003451
2008_003461
2008_003463
2008_003467
2008_003469
2008_003472
2008_003476
2008_003478
2008_003482
2008_003483
2008_003488
2008_003492
2008_003493
2008_003496
2008_003504
2008_003507
2008_003511
2008_003514
2008_003515
2008_003521
2008_003522
2008_003523
2008_003526
2008_003531
2008_003534
2008_003542
2008_003544
2008_003545
2008_003546
2008_003552
2008_003560
2008_003565
2008_003575
2008_003578
2008_003587
2008_003592
2008_003593
2008_003596
2008_003598
2008_003604
2008_003608
2008_003609
2008_003610
2008_003611
2008_003613
2008_003617
2008_003629
2008_003635
2008_003650
2008_003653
2008_003671
2008_003674
2008_003675
2008_003676
2008_003677
2008_003681
2008_003682
2008_003684
2008_003685
2008_003689
2008_003697
2008_003706
2008_003707
2008_003712
2008_003720
2008_003722
2008_003733
2008_003743
2008_003748
2008_003749
2008_003754
2008_003755
2008_003756
2008_003761
2008_003764
2008_003766
2008_003768
2008_003769
2008_003773
2008_003775
2008_003779
2008_003781
2008_003791
2008_003793
2008_003794
2008_003800
2008_003805
2008_003813
2008_003819
2008_003820
2008_003830
2008_003840
2008_003842
2008_003843
2008_003844
2008_003854
2008_003856
2008_003860
2008_003864
2008_003866
2008_003868
2008_003871
2008_003874
2008_003881
2008_003882
2008_003883
2008_003884
2008_003888
2008_003891
2008_003892
2008_003914
2008_003915
2008_003916
2008_003920
2008_003925
2008_003929
2008_003943
2008_003947
2008_003951
2008_003956
2008_003958
2008_003962
2008_003965
2008_003966
2008_003967
2008_003971
2008_003984
2008_003985
2008_003992
2008_003996
2008_004002
2008_004003
2008_004016
2008_004017
2008_004020
2008_004037
2008_004044
2008_004045
2008_004046
2008_004053
2008_004054
2008_004055
2008_004056
2008_004064
2008_004066
2008_004071
2008_004077
2008_004081
2008_004084
2008_004090
2008_004092
2008_004100
2008_004101
2008_004102
2008_004105
2008_004113
2008_004123
2008_004125
2008_004126
2008_004130
2008_004134
2008_004137
2008_004140
2008_004142
2008_004148
2008_004161
2008_004163
2008_004176
2008_004182
2008_004188
2008_004195
2008_004198
2008_004201
2008_004205
2008_004208
2008_004213
2008_004217
2008_004221
2008_004230
2008_004231
2008_004242
2008_004243
2008_004245
2008_004246
2008_004247
2008_004258
2008_004263
2008_004270
2008_004274
2008_004278
2008_004287
2008_004288
2008_004307
2008_004308
2008_004314
2008_004318
2008_004321
2008_004325
2008_004328
2008_004330
2008_004331
2008_004333
2008_004342
2008_004344
2008_004353
2008_004358
2008_004361
2008_004365
2008_004372
2008_004376
2008_004387
2008_004389
2008_004391
2008_004398
2008_004399
2008_004417
2008_004418
2008_004426
2008_004431
2008_004435
2008_004436
2008_004438
2008_004439
2008_004441
2008_004455
2008_004457
2008_004459
2008_004464
2008_004470
2008_004471
2008_004476
2008_004478
2008_004482
2008_004488
2008_004493
2008_004499
2008_004501
2008_004504
2008_004510
2008_004513
2008_004515
2008_004519
2008_004534
2008_004538
2008_004539
2008_004541
2008_004545
2008_004546
2008_004549
2008_004553
2008_004554
2008_004564
2008_004567
2008_004574
2008_004599
2008_004602
2008_004603
2008_004606
2008_004611
2008_004614
2008_004616
2008_004630
2008_004636
2008_004646
2008_004647
2008_004648
2008_004649
2008_004654
2008_004656
2008_004665
2008_004666
2008_004668
2008_004687
2008_004692
2008_004702
2008_004703
2008_004706
2008_004707
2008_004711
2008_004713
2008_004716
2008_004729
2008_004745
2008_004749
2008_004756
2008_004764
2008_004774
2008_004778
2008_004781
2008_004784
2008_004807
2008_004814
2008_004819
2008_004821
2008_004832
2008_004834
2008_004841
2008_004849
2008_004851
2008_004852
2008_004858
2008_004866
2008_004872
2008_004874
2008_004881
2008_004892
2008_004894
2008_004899
2008_004920
2008_004921
2008_004926
2008_004937
2008_004938
2008_004940
2008_004948
2008_004950
2008_004961
2008_004966
2008_004968
2008_004976
2008_004979
2008_004983
2008_004984
2008_004986
2008_004991
2008_005001
2008_005016
2008_005033
2008_005035
2008_005040
2008_005043
2008_005046
2008_005051
2008_005063
2008_005066
2008_005072
2008_005078
2008_005098
2008_005107
2008_005110
2008_005111
2008_005139
2008_005146
2008_005151
2008_005156
2008_005168
2008_005171
2008_005172
2008_005174
2008_005178
2008_005182
2008_005190
2008_005197
2008_005201
2008_005213
2008_005218
2008_005231
2008_005236
2008_005243
2008_005251
2008_005253
2008_005255
2008_005271
2008_005277
2008_005294
2008_005295
2008_005297
2008_005315
2008_005323
2008_005324
2008_005336
2008_005346
2008_005350
2008_005359
2008_005360
2008_005365
2008_005373
2008_005374
2008_005379
2008_005389
2008_005399
2008_005412
2008_005414
2008_005423
2008_005427
2008_005431
2008_005433
2008_005444
2008_005447
2008_005472
2008_005485
2008_005498
2008_005500
2008_005501
2008_005512
2008_005519
2008_005526
2008_005527
2008_005549
2008_005552
2008_005553
2008_005558
2008_005563
2008_005566
2008_005567
2008_005570
2008_005582
2008_005588
2008_005599
2008_005609
2008_005610
2008_005612
2008_005616
2008_005625
2008_005635
2008_005641
2008_005646
2008_005650
2008_005652
2008_005664
2008_005677
2008_005682
2008_005686
2008_005698
2008_005726
2008_005737
2008_005738
2008_005742
2008_005758
2008_005761
2008_005768
2008_005779
2008_005790
2008_005792
2008_005794
2008_005796
2008_005808
2008_005812
2008_005825
2008_005832
2008_005838
2008_005848
2008_005850
2008_005855
2008_005863
2008_005867
2008_005869
2008_005877
2008_005878
2008_005881
2008_005884
2008_005902
2008_005907
2008_005921
2008_005923
2008_005928
2008_005934
2008_005937
2008_005939
2008_005957
2008_005964
2008_005972
2008_005978
2008_005984
2008_005991
2008_006007
2008_006021
2008_006024
2008_006032
2008_006039
2008_006041
2008_006042
2008_006052
2008_006059
2008_006064
2008_006071
2008_006078
2008_006082
2008_006087
2008_006088
2008_006096
2008_006102
2008_006108
2008_006117
2008_006121
2008_006124
2008_006129
2008_006135
2008_006145
2008_006148
2008_006151
2008_006152
2008_006154
2008_006181
2008_006185
2008_006186
2008_006188
2008_006195
2008_006205
2008_006215
2008_006216
2008_006222
2008_006235
2008_006253
2008_006254
2008_006256
2008_006257
2008_006265
2008_006267
2008_006275
2008_006288
2008_006295
2008_006317
2008_006331
2008_006341
2008_006370
2008_006377
2008_006382
2008_006390
2008_006397
2008_006407
2008_006408
2008_006410
2008_006421
2008_006425
2008_006433
2008_006441
2008_006448
2008_006458
2008_006467
2008_006483
2008_006487
2008_006488
2008_006491
2008_006496
2008_006497
2008_006500
2008_006519
2008_006526
2008_006530
2008_006538
2008_006549
2008_006554
2008_006567
2008_006570
2008_006588
2008_006609
2008_006613
2008_006616
2008_006631
2008_006642
2008_006646
2008_006657
2008_006663
2008_006684
2008_006692
2008_006705
2008_006708
2008_006710
2008_006714
2008_006716
2008_006722
2008_006730
2008_006731
2008_006732
2008_006733
2008_006750
2008_006758
2008_006761
2008_006762
2008_006796
2008_006800
2008_006813
2008_006816
2008_006818
2008_006820
2008_006824
2008_006825
2008_006833
2008_006834
2008_006839
2008_006844
2008_006847
2008_006855
2008_006857
2008_006870
2008_006873
2008_006874
2008_006879
2008_006880
2008_006890
2008_006892
2008_006912
2008_006924
2008_006933
2008_006941
2008_006944
2008_006952
2008_006953
2008_006960
2008_006969
2008_006979
2008_006987
2008_006989
2008_006991
2008_006998
2008_007019
2008_007028
2008_007032
2008_007038
2008_007043
2008_007058
2008_007061
2008_007067
2008_007084
2008_007090
2008_007091
2008_007097
2008_007101
2008_007105
2008_007112
2008_007119
2008_007129
2008_007133
2008_007138
2008_007146
2008_007147
2008_007163
2008_007167
2008_007168
2008_007169
2008_007171
2008_007181
2008_007182
2008_007185
2008_007190
2008_007195
2008_007207
2008_007218
2008_007219
2008_007223
2008_007225
2008_007242
2008_007247
2008_007254
2008_007261
2008_007277
2008_007280
2008_007281
2008_007285
2008_007286
2008_007291
2008_007325
2008_007334
2008_007336
2008_007348
2008_007352
2008_007356
2008_007375
2008_007392
2008_007393
2008_007402
2008_007409
2008_007410
2008_007421
2008_007431
2008_007435
2008_007442
2008_007443
2008_007446
2008_007452
2008_007459
2008_007470
2008_007485
2008_007509
2008_007514
2008_007524
2008_007525
2008_007528
2008_007531
2008_007536
2008_007537
2008_007556
2008_007567
2008_007576
2008_007584
2008_007586
2008_007591
2008_007593
2008_007612
2008_007617
2008_007625
2008_007643
2008_007646
2008_007648
2008_007664
2008_007665
2008_007668
2008_007675
2008_007676
2008_007682
2008_007692
2008_007696
2008_007701
2008_007706
2008_007710
2008_007719
2008_007741
2008_007742
2008_007745
2008_007757
2008_007759
2008_007761
2008_007766
2008_007768
2008_007770
2008_007786
2008_007787
2008_007789
2008_007793
2008_007827
2008_007833
2008_007837
2008_007841
2008_007843
2008_007852
2008_007853
2008_007861
2008_007864
2008_007872
2008_007882
2008_007895
2008_007902
2008_007904
2008_007917
2008_007918
2008_007923
2008_007928
2008_007931
2008_007933
2008_007935
2008_007936
2008_007942
2008_007950
2008_007955
2008_007962
2008_007970
2008_007986
2008_007990
2008_007993
2008_007994
2008_008021
2008_008029
2008_008034
2008_008040
2008_008050
2008_008058
2008_008064
2008_008066
2008_008072
2008_008075
2008_008083
2008_008093
2008_008095
2008_008096
2008_008098
2008_008112
2008_008113
2008_008116
2008_008121
2008_008122
2008_008141
2008_008147
2008_008152
2008_008154
2008_008155
2008_008162
2008_008184
2008_008185
2008_008190
2008_008192
2008_008212
2008_008217
2008_008221
2008_008231
2008_008232
2008_008237
2008_008246
2008_008262
2008_008266
2008_008272
2008_008279
2008_008307
2008_008315
2008_008319
2008_008320
2008_008325
2008_008336
2008_008337
2008_008341
2008_008343
2008_008357
2008_008362
2008_008364
2008_008382
2008_008388
2008_008395
2008_008403
2008_008410
2008_008416
2008_008431
2008_008432
2008_008433
2008_008440
2008_008443
2008_008450
2008_008466
2008_008469
2008_008474
2008_008479
2008_008480
2008_008487
2008_008488
2008_008500
2008_008511
2008_008517
2008_008519
2008_008521
2008_008522
2008_008524
2008_008526
2008_008528
2008_008530
2008_008547
2008_008550
2008_008564
2008_008567
2008_008572
2008_008579
2008_008588
2008_008591
2008_008593
2008_008598
2008_008600
2008_008618
2008_008619
2008_008624
2008_008629
2008_008641
2008_008649
2008_008652
2008_008659
2008_008671
2008_008683
2008_008684
2008_008690
2008_008691
2008_008697
2008_008701
2008_008705
2008_008708
2008_008717
2008_008718
2008_008725
2008_008726
2008_008744
2008_008745
2008_008753
2008_008755
2008_008757
2008_008758
2009_000017
2009_000021
2009_000054
2009_000056
2009_000058
2009_000059
2009_000060
2009_000063
2009_000067
2009_000072
2009_000074
2009_000078
2009_000102
2009_000119
2009_000128
2009_000132
2009_000140
2009_000141
2009_000145
2009_000149
2009_000157
2009_000164
2009_000165
2009_000168
2009_000169
2009_000171
2009_000182
2009_000183
2009_000219
2009_000223
2009_000237
2009_000239
2009_000247
2009_000248
2009_000249
2009_000253
2009_000277
2009_000282
2009_000283
2009_000288
2009_000291
2009_000305
2009_000309
2009_000322
2009_000337
2009_000340
2009_000343
2009_000375
2009_000378
2009_000379
2009_000397
2009_000405
2009_000408
2009_000411
2009_000421
2009_000449
2009_000453
2009_000455
2009_000456
2009_000457
2009_000461
2009_000464
2009_000474
2009_000476
2009_000505
2009_000511
2009_000519
2009_000522
2009_000525
2009_000539
2009_000542
2009_000544
2009_000546
2009_000547
2009_000550
2009_000552
2009_000575
2009_000577
2009_000604
2009_000606
2009_000615
2009_000617
2009_000642
2009_000674
2009_000683
2009_000686
2009_000704
2009_000719
2009_000727
2009_000730
2009_000741
2009_000744
2009_000750
2009_000757
2009_000759
2009_000763
2009_000777
2009_000783
2009_000815
2009_000831
2009_000833
2009_000834
2009_000843
2009_000858
2009_000865
2009_000889
2009_000890
2009_000896
2009_000897
2009_000901
2009_000930
2009_000934
2009_000960
2009_000962
2009_000974
2009_000987
2009_000990
2009_000995
2009_001002
2009_001013
2009_001019
2009_001024
2009_001026
2009_001030
2009_001042
2009_001054
2009_001068
2009_001083
2009_001084
2009_001096
2009_001103
2009_001106
2009_001110
2009_001120
2009_001121
2009_001133
2009_001140
2009_001148
2009_001151
2009_001154
2009_001155
2009_001181
2009_001190
2009_001199
2009_001207
2009_001212
2009_001215
2009_001230
2009_001238
2009_001254
2009_001266
2009_001282
2009_001286
2009_001299
2009_001320
2009_001326
2009_001339
2009_001350
2009_001354
2009_001376
2009_001389
2009_001395
2009_001406
2009_001407
2009_001412
2009_001414
2009_001433
2009_001434
2009_001447
2009_001450
2009_001463
2009_001474
2009_001479
2009_001508
2009_001521
2009_001539
2009_001546
2009_001553
2009_001575
2009_001577
2009_001585
2009_001602
2009_001605
2009_001608
2009_001611
2009_001614
2009_001615
2009_001617
2009_001635
2009_001642
2009_001646
2009_001657
2009_001663
2009_001677
2009_001687
2009_001696
2009_001705
2009_001707
2009_001718
2009_001734
2009_001740
2009_001743
2009_001750
2009_001758
2009_001759
2009_001767
2009_001768
2009_001778
2009_001794
2009_001801
2009_001804
2009_001805
2009_001809
2009_001822
2009_001827
2009_001846
2009_001847
2009_001852
2009_001861
2009_001865
2009_001875
2009_001890
2009_001897
2009_001908
2009_001909
2009_001934
2009_001940
2009_001952
2009_001967
2009_001971
2009_001979
2009_001997
2009_002001
2009_002042
2009_002046
2009_002054
2009_002057
2009_002058
2009_002088
2009_002098
2009_002107
2009_002110
2009_002123
2009_002126
2009_002128
2009_002129
2009_002131
2009_002145
2009_002175
2009_002177
2009_002180
2009_002185
2009_002191
2009_002203
2009_002214
2009_002222
2009_002230
2009_002238
2009_002239
2009_002240
2009_002242
2009_002257
2009_002289
2009_002297
2009_002308
2009_002317
2009_002326
2009_002338
2009_002343
2009_002349
2009_002372
2009_002376
2009_002377
2009_002382
2009_002391
2009_002398
2009_002404
2009_002406
2009_002407
2009_002425
2009_002439
2009_002443
2009_002464
2009_002474
2009_002477
2009_002506
2009_002514
2009_002522
2009_002524
2009_002542
2009_002552
2009_002557
2009_002566
2009_002569
2009_002580
2009_002584
2009_002588
2009_002595
2009_002607
2009_002621
2009_002634
2009_002649
2009_002651
2009_002659
2009_002669
2009_002671
2009_002698
2009_002703
2009_002705
2009_002710
2009_002711
2009_002717
2009_002732
2009_002743
2009_002744
2009_002750
2009_002752
2009_002772
2009_002777
2009_002778
2009_002780
2009_002784
2009_002790
2009_002792
2009_002800
2009_002806
2009_002807
2009_002824
2009_002827
2009_002838
2009_002851
2009_002867
2009_002879
2009_002883
2009_002894
2009_002918
2009_002932
2009_002946
2009_002954
2009_002960
2009_002961
2009_002976
2009_002983
2009_002993
2009_003000
2009_003003
2009_003006
2009_003010
2009_003012
2009_003020
2009_003035
2009_003042
2009_003043
2009_003044
2009_003058
2009_003064
2009_003065
2009_003071
2009_003076
2009_003087
2009_003116
2009_003125
2009_003126
2009_003128
2009_003150
2009_003166
2009_003181
2009_003191
2009_003238
2009_003247
2009_003251
2009_003257
2009_003261
2009_003262
2009_003265
2009_003266
2009_003269
2009_003272
2009_003276
2009_003282
2009_003290
2009_003294
2009_003323
2009_003338
2009_003340
2009_003347
2009_003349
2009_003351
2009_003363
2009_003365
2009_003379
2009_003383
2009_003385
2009_003409
2009_003422
2009_003425
2009_003431
2009_003441
2009_003446
2009_003447
2009_003453
2009_003468
2009_003482
2009_003488
2009_003490
2009_003494
2009_003499
2009_003519
2009_003530
2009_003534
2009_003540
2009_003563
2009_003576
2009_003577
2009_003581
2009_003592
2009_003594
2009_003598
2009_003609
2009_003614
2009_003627
2009_003636
2009_003646
2009_003656
2009_003668
2009_003669
2009_003689
2009_003690
2009_003702
2009_003705
2009_003710
2009_003722
2009_003725
2009_003734
2009_003736
2009_003738
2009_003739
2009_003751
2009_003752
2009_003768
2009_003776
2009_003795
2009_003800
2009_003816
2009_003821
2009_003846
2009_003849
2009_003874
2009_003892
2009_003895
2009_003896
2009_003897
2009_003900
2009_003908
2009_003921
2009_003936
2009_003950
2009_003976
2009_003986
2009_003991
2009_004004
2009_004018
2009_004020
2009_004040
2009_004042
2009_004043
2009_004050
2009_004051
2009_004052
2009_004055
2009_004069
2009_004085
2009_004092
2009_004094
2009_004095
2009_004100
2009_004102
2009_004112
2009_004113
2009_004125
2009_004126
2009_004131
2009_004154
2009_004159
2009_004161
2009_004162
2009_004166
2009_004175
2009_004181
2009_004188
2009_004202
2009_004205
2009_004218
2009_004221
2009_004224
2009_004227
2009_004228
2009_004258
2009_004276
2009_004279
2009_004285
2009_004300
2009_004301
2009_004303
2009_004309
2009_004322
2009_004332
2009_004347
2009_004350
2009_004351
2009_004359
2009_004368
2009_004369
2009_004403
2009_004406
2009_004410
2009_004429
2009_004432
2009_004435
2009_004438
2009_004453
2009_004457
2009_004486
2009_004507
2009_004511
2009_004514
2009_004518
2009_004525
2009_004548
2009_004556
2009_004570
2009_004580
2009_004582
2009_004587
2009_004619
2009_004643
2009_004647
2009_004648
2009_004664
2009_004667
2009_004669
2009_004671
2009_004677
2009_004679
2009_004694
2009_004697
2009_004701
2009_004710
2009_004718
2009_004731
2009_004738
2009_004756
2009_004758
2009_004759
2009_004761
2009_004771
2009_004781
2009_004782
2009_004784
2009_004786
2009_004794
2009_004798
2009_004801
2009_004812
2009_004822
2009_004830
2009_004831
2009_004836
2009_004847
2009_004848
2009_004849
2009_004859
2009_004865
2009_004868
2009_004869
2009_004880
2009_004888
2009_004890
2009_004899
2009_004913
2009_004919
2009_004926
2009_004939
2009_004962
2009_004975
2009_004982
2009_004987
2009_004994
2009_005016
2009_005038
2009_005045
2009_005057
2009_005078
2009_005082
2009_005085
2009_005087
2009_005098
2009_005103
2009_005140
2009_005141
2009_005147
2009_005155
2009_005168
2009_005172
2009_005181
2009_005183
2009_005185
2009_005191
2009_005205
2009_005216
2009_005217
2009_005222
2009_005239
2009_005247
2009_005265
2009_005269
2009_005279
2009_005286
2009_005309
2009_005311
2010_000018
2010_000038
2010_000055
2010_000074
2010_000076
2010_000080
2010_000083
2010_000084
2010_000087
2010_000089
2010_000097
2010_000120
2010_000127
2010_000131
2010_000133
2010_000139
2010_000140
2010_000148
2010_000162
2010_000174
2010_000177
2010_000178
2010_000182
2010_000196
2010_000204
2010_000224
2010_000234
2010_000238
2010_000245
2010_000246
2010_000249
2010_000256
2010_000262
2010_000266
2010_000308
2010_000313
2010_000344
2010_000352
2010_000358
2010_000375
2010_000377
2010_000386
2010_000413
2010_000415
2010_000419
2010_000420
2010_000446
2010_000448
2010_000449
2010_000461
2010_000462
2010_000463
2010_000474
2010_000490
2010_000503
2010_000510
2010_000511
2010_000530
2010_000534
2010_000573
2010_000574
2010_000577
2010_000604
2010_000617
2010_000647
2010_000648
2010_000666
2010_000671
2010_000682
2010_000690
2010_000691
2010_000695
2010_000717
2010_000722
2010_000723
2010_000738
2010_000739
2010_000740
2010_000744
2010_000760
2010_000772
2010_000773
2010_000786
2010_000792
2010_000797
2010_000803
2010_000827
2010_000855
2010_000865
2010_000866
2010_000883
2010_000891
2010_000908
2010_000910
2010_000915
2010_000922
2010_000931
2010_000942
2010_000944
2010_000945
2010_000959
2010_000968
2010_000970
2010_000974
2010_000991
2010_000993
2010_001006
2010_001008
2010_001020
2010_001024
2010_001030
2010_001032
2010_001036
2010_001077
2010_001080
2010_001092
2010_001094
2010_001106
2010_001109
2010_001112
2010_001113
2010_001119
2010_001120
2010_001130
2010_001142
2010_001143
2010_001152
2010_001172
2010_001184
2010_001192
2010_001204
2010_001206
2010_001210
2010_001219
2010_001224
2010_001241
2010_001245
2010_001246
2010_001250
2010_001270
2010_001272
2010_001287
2010_001288
2010_001289
2010_001293
2010_001305
2010_001312
2010_001313
2010_001325
2010_001326
2010_001329
2010_001338
2010_001357
2010_001367
2010_001395
2010_001397
2010_001412
2010_001413
2010_001418
2010_001422
2010_001430
2010_001431
2010_001439
2010_001449
2010_001453
2010_001458
2010_001479
2010_001480
2010_001486
2010_001502
2010_001528
2010_001533
2010_001535
2010_001543
2010_001551
2010_001552
2010_001576
2010_001579
2010_001580
2010_001586
2010_001619
2010_001635
2010_001636
2010_001638
2010_001649
2010_001659
2010_001674
2010_001682
2010_001689
2010_001692
2010_001699
2010_001720
2010_001734
2010_001739
2010_001748
2010_001749
2010_001757
2010_001762
2010_001767
2010_001768
2010_001785
2010_001807
2010_001808
2010_001810
2010_001814
2010_001817
2010_001828
2010_001837
2010_001846
2010_001850
2010_001856
2010_001857
2010_001870
2010_001907
2010_001908
2010_001921
2010_001923
2010_001940
2010_001941
2010_001951
2010_001966
2010_001967
2010_001978
2010_001986
2010_001993
2010_002006
2010_002017
2010_002018
2010_002022
2010_002039
2010_002044
2010_002055
2010_002058
2010_002067
2010_002070
2010_002094
2010_002096
2010_002100
2010_002107
2010_002121
2010_002127
2010_002128
2010_002137
2010_002139
2010_002141
2010_002161
2010_002166
2010_002179
2010_002183
2010_002185
2010_002191
2010_002211
2010_002219
2010_002220
2010_002221
2010_002223
2010_002245
2010_002247
2010_002255
2010_002263
2010_002274
2010_002276
2010_002301
2010_002303
2010_002340
2010_002346
2010_002356
2010_002368
2010_002396
2010_002400
2010_002405
2010_002408
2010_002424
2010_002431
2010_002435
2010_002438
2010_002440
2010_002445
2010_002446
2010_002461
2010_002462
2010_002484
2010_002492
2010_002497
2010_002498
2010_002501
2010_002504
2010_002509
2010_002510
2010_002516
2010_002520
2010_002539
2010_002546
2010_002552
2010_002561
2010_002570
2010_002579
2010_002618
2010_002625
2010_002628
2010_002629
2010_002632
2010_002642
2010_002652
2010_002675
2010_002679
2010_002696
2010_002702
2010_002704
2010_002708
2010_002714
2010_002720
2010_002722
2010_002725
2010_002742
2010_002763
2010_002767
2010_002770
2010_002771
2010_002779
2010_002783
2010_002807
2010_002817
2010_002820
2010_002821
2010_002843
2010_002844
2010_002853
2010_002860
2010_002864
2010_002871
2010_002877
2010_002879
2010_002880
2010_002887
2010_002902
2010_002915
2010_002927
2010_002929
2010_002931
2010_002962
2010_002978
2010_002979
2010_002980
2010_002982
2010_002985
2010_002990
2010_003003
2010_003010
2010_003014
2010_003016
2010_003017
2010_003034
2010_003035
2010_003040
2010_003054
2010_003055
2010_003056
2010_003062
2010_003072
2010_003078
2010_003084
2010_003091
2010_003093
2010_003107
2010_003112
2010_003117
2010_003122
2010_003135
2010_003143
2010_003156
2010_003160
2010_003212
2010_003220
2010_003239
2010_003241
2010_003248
2010_003250
2010_003263
2010_003280
2010_003283
2010_003287
2010_003290
2010_003291
2010_003293
2010_003297
2010_003303
2010_003304
2010_003305
2010_003321
2010_003325
2010_003326
2010_003351
2010_003355
2010_003361
2010_003366
2010_003370
2010_003374
2010_003375
2010_003381
2010_003401
2010_003409
2010_003415
2010_003421
2010_003437
2010_003446
2010_003461
2010_003470
2010_003508
2010_003537
2010_003538
2010_003540
2010_003549
2010_003556
2010_003560
2010_003563
2010_003567
2010_003573
2010_003574
2010_003597
2010_003599
2010_003608
2010_003613
2010_003618
2010_003625
2010_003628
2010_003630
2010_003632
2010_003643
2010_003645
2010_003649
2010_003670
2010_003671
2010_003673
2010_003674
2010_003677
2010_003689
2010_003695
2010_003703
2010_003719
2010_003724
2010_003729
2010_003744
2010_003746
2010_003755
2010_003800
2010_003804
2010_003811
2010_003826
2010_003844
2010_003854
2010_003856
2010_003861
2010_003871
2010_003877
2010_003884
2010_003894
2010_003900
2010_003906
2010_003914
2010_003944
2010_003955
2010_003961
2010_003983
2010_003996
2010_004025
2010_004028
2010_004031
2010_004033
2010_004050
2010_004067
2010_004069
2010_004102
2010_004109
2010_004111
2010_004124
2010_004125
2010_004130
2010_004141
2010_004160
2010_004161
2010_004165
2010_004168
2010_004180
2010_004186
2010_004191
2010_004192
2010_004198
2010_004207
2010_004208
2010_004216
2010_004219
2010_004222
2010_004225
2010_004249
2010_004254
2010_004264
2010_004280
2010_004282
2010_004289
2010_004297
2010_004307
2010_004314
2010_004318
2010_004325
2010_004332
2010_004337
2010_004361
2010_004370
2010_004387
2010_004400
2010_004432
2010_004439
2010_004441
2010_004447
2010_004455
2010_004456
2010_004475
2010_004479
2010_004481
2010_004491
2010_004499
2010_004505
2010_004515
2010_004523
2010_004559
2010_004560
2010_004561
2010_004573
2010_004577
2010_004594
2010_004597
2010_004601
2010_004618
2010_004625
2010_004637
2010_004661
2010_004665
2010_004666
2010_004672
2010_004686
2010_004692
2010_004697
2010_004698
2010_004708
2010_004710
2010_004722
2010_004728
2010_004741
2010_004743
2010_004775
2010_004778
2010_004779
2010_004782
2010_004785
2010_004786
2010_004804
2010_004809
2010_004826
2010_004828
2010_004838
2010_004844
2010_004854
2010_004871
2010_004877
2010_004878
2010_004879
2010_004889
2010_004901
2010_004910
2010_004922
2010_004937
2010_004942
2010_004951
2010_004952
2010_004973
2010_004983
2010_004987
2010_005005
2010_005018
2010_005019
2010_005026
2010_005031
2010_005035
2010_005044
2010_005046
2010_005049
2010_005071
2010_005079
2010_005106
2010_005110
2010_005111
2010_005118
2010_005127
2010_005130
2010_005141
2010_005148
2010_005166
2010_005170
2010_005188
2010_005199
2010_005222
2010_005226
2010_005236
2010_005245
2010_005252
2010_005261
2010_005270
2010_005273
2010_005276
2010_005277
2010_005284
2010_005293
2010_005299
2010_005303
2010_005314
2010_005327
2010_005338
2010_005349
2010_005350
2010_005369
2010_005379
2010_005384
2010_005389
2010_005393
2010_005394
2010_005403
2010_005405
2010_005409
2010_005410
2010_005419
2010_005466
2010_005467
2010_005480
2010_005489
2010_005494
2010_005500
2010_005512
2010_005515
2010_005518
2010_005527
2010_005532
2010_005543
2010_005570
2010_005572
2010_005578
2010_005585
2010_005594
2010_005606
2010_005610
2010_005619
2010_005620
2010_005626
2010_005628
2010_005629
2010_005636
2010_005646
2010_005654
2010_005657
2010_005666
2010_005670
2010_005676
2010_005684
2010_005700
2010_005709
2010_005733
2010_005758
2010_005764
2010_005794
2010_005810
2010_005815
2010_005830
2010_005838
2010_005847
2010_005865
2010_005867
2010_005871
2010_005875
2010_005876
2010_005897
2010_005904
2010_005906
2010_005907
2010_005936
2010_005942
2010_005943
2010_005954
2010_005960
2010_005967
2010_005972
2010_005996
2010_006000
2010_006010
2010_006012
2010_006037
2010_006051
2010_006061
2010_006079
2011_000006
2011_000007
2011_000009
2011_000016
2011_000022
2011_000030
2011_000051
2011_000053
2011_000054
2011_000069
2011_000071
2011_000072
2011_000084
2011_000137
2011_000142
2011_000146
2011_000147
2011_000178
2011_000182
2011_000194
2011_000196
2011_000206
2011_000208
2011_000213
2011_000214
2011_000221
2011_000234
2011_000241
2011_000248
2011_000249
2011_000258
2011_000273
2011_000277
2011_000278
2011_000282
2011_000317
2011_000319
2011_000320
2011_000321
2011_000322
2011_000332
2011_000342
2011_000344
2011_000361
2011_000362
2011_000370
2011_000375
2011_000383
2011_000413
2011_000416
2011_000420
2011_000427
2011_000434
2011_000435
2011_000438
2011_000445
2011_000453
2011_000455
2011_000471
2011_000475
2011_000477
2011_000479
2011_000485
2011_000492
2011_000496
2011_000503
2011_000509
2011_000518
2011_000520
2011_000534
2011_000538
2011_000541
2011_000554
2011_000557
2011_000559
2011_000566
2011_000567
2011_000577
2011_000586
2011_000589
2011_000594
2011_000600
2011_000618
2011_000628
2011_000630
2011_000637
2011_000638
2011_000642
2011_000646
2011_000657
2011_000675
2011_000679
2011_000683
2011_000684
2011_000688
2011_000689
2011_000692
2011_000703
2011_000713
2011_000724
2011_000725
2011_000731
2011_000745
2011_000753
2011_000768
2011_000772
2011_000774
2011_000780
2011_000800
2011_000806
2011_000809
2011_000823
2011_000828
2011_000829
2011_000834
2011_000843
2011_000851
2011_000853
2011_000858
2011_000859
2011_000874
2011_000882
2011_000885
2011_000887
2011_000899
2011_000908
2011_000927
2011_000932
2011_000933
2011_000934
2011_000947
2011_000953
2011_000954
2011_000957
2011_000977
2011_000979
2011_000983
2011_000990
2011_000991
2011_000996
2011_000997
2011_001001
2011_001008
2011_001009
2011_001015
2011_001023
2011_001025
2011_001030
2011_001032
2011_001036
2011_001055
2011_001056
2011_001058
2011_001069
2011_001071
2011_001080
2011_001091
2011_001093
2011_001100
2011_001105
2011_001107
2011_001123
2011_001124
2011_001149
2011_001152
2011_001153
2011_001158
2011_001161
2011_001168
2011_001193
2011_001201
2011_001213
2011_001215
2011_001220
2011_001221
2011_001227
2011_001255
2011_001260
2011_001266
2011_001271
2011_001283
2011_001286
2011_001295
2011_001305
2011_001310
2011_001311
2011_001335
2011_001337
2011_001346
2011_001370
2011_001375
2011_001387
2011_001388
2011_001400
2011_001406
2011_001447
2011_001449
2011_001456
2011_001467
2011_001475
2011_001501
2011_001503
2011_001510
2011_001519
2011_001521
2011_001524
2011_001526
2011_001529
2011_001530
2011_001535
2011_001536
2011_001538
2011_001557
2011_001567
2011_001571
2011_001582
2011_001591
2011_001599
2011_001602
2011_001608
2011_001612
2011_001613
2011_001616
2011_001618
2011_001619
2011_001621
2011_001625
2011_001628
2011_001629
2011_001632
2011_001641
2011_001649
2011_001662
2011_001674
2011_001679
2011_001691
2011_001698
2011_001700
2011_001707
2011_001710
2011_001714
2011_001730
2011_001732
2011_001740
2011_001747
2011_001755
2011_001765
2011_001769
2011_001771
2011_001776
2011_001794
2011_001800
2011_001819
2011_001820
2011_001837
2011_001845
2011_001870
2011_001901
2011_001904
2011_001906
2011_001914
2011_001919
2011_001920
2011_001922
2011_001928
2011_001938
2011_001949
2011_001956
2011_001961
2011_001966
2011_001975
2011_001980
2011_001987
2011_001988
2011_001989
2011_002002
2011_002005
2011_002006
2011_002019
2011_002021
2011_002042
2011_002045
2011_002046
2011_002047
2011_002049
2011_002063
2011_002074
2011_002075
2011_002085
2011_002093
2011_002097
2011_002106
2011_002109
2011_002110
2011_002113
2011_002137
2011_002142
2011_002144
2011_002149
2011_002154
2011_002158
2011_002160
2011_002163
2011_002167
2011_002179
2011_002184
2011_002186
2011_002192
2011_002193
2011_002200
2011_002215
2011_002227
2011_002234
2011_002236
2011_002239
2011_002244
2011_002245
2011_002247
2011_002248
2011_002273
2011_002278
2011_002291
2011_002303
2011_002308
2011_002312
2011_002317
2011_002322
2011_002327
2011_002330
2011_002341
2011_002348
2011_002359
2011_002365
2011_002386
2011_002393
2011_002394
2011_002397
2011_002413
2011_002418
2011_002422
2011_002429
2011_002443
2011_002455
2011_002459
2011_002462
2011_002474
2011_002476
2011_002479
2011_002482
2011_002484
2011_002488
2011_002490
2011_002491
2011_002495
2011_002505
2011_002507
2011_002509
2011_002511
2011_002515
2011_002519
2011_002532
2011_002533
2011_002542
2011_002551
2011_002553
2011_002554
2011_002555
2011_002556
2011_002558
2011_002561
2011_002567
2011_002575
2011_002578
2011_002579
2011_002585
2011_002588
2011_002592
2011_002598
2011_002606
2011_002610
2011_002623
2011_002624
2011_002639
2011_002640
2011_002641
2011_002658
2011_002661
2011_002677
2011_002678
2011_002694
2011_002706
2011_002725
2011_002740
2011_002748
2011_002760
2011_002765
2011_002770
2011_002780
2011_002790
2011_002795
2011_002796
2011_002802
2011_002803
2011_002811
2011_002821
2011_002830
2011_002831
2011_002834
2011_002838
2011_002841
2011_002872
2011_002880
2011_002881
2011_002884
2011_002900
2011_002917
2011_002920
2011_002921
2011_002925
2011_002932
2011_002935
2011_002947
2011_002956
2011_002958
2011_002966
2011_002969
2011_002974
2011_002978
2011_002987
2011_002997
2011_002999
2011_003013
2011_003016
2011_003019
2011_003020
2011_003023
2011_003038
2011_003039
2011_003044
2011_003048
2011_003050
2011_003054
2011_003079
2011_003081
2011_003085
2011_003086
2011_003089
2011_003109
2011_003114
2011_003115
2011_003132
2011_003138
2011_003141
2011_003152
2011_003159
2011_003167
2011_003168
2011_003185
2011_003188
2011_003232
2011_003236
2011_003238
2011_003242
2011_003246
2011_003247
2011_003259
2011_003260
